14
13
14
13
14
13
14
14
13
13
13
14
15
14
15
14
13
14
14
20
18
14
13
13
13
14
14
15
13
13
13
13
13
14
14
14
15
15
15
15
14
15
14
13
14
15
15
15
14
16
16
15
15
15
14
13
14
15
14
15
14
16
13
14
16
15
14
15
15
16
15
17
14
14
16
16
14
16
15
16
19
20
16
16
17
16
16
15
18
15
14
20
19
16
15
15
16
17
17
15
16
17
16
15
16
15
15
18
17
15
19
19
16
17
18
17
17
18
16
16
18
16
17
18
19
17
17
19
17
19
18
17
18
17
17
17
18
17
18
17
17
20
19
17
18
17
17
19
19
18
20
18
19
19
17
19
21
17
20
20
18
19
18
18
20
20
18
20
31
19
19
20
21
21
19
20
19
20
20
19
19
19
21
22
20
20
20
19
22
20
20
21
19
18
21
19
22
20
19
25
19
24
20
19
22
21
21
21
21
24
20
23
22
20
26
20
21
21
20
22
21
20
21
28
27
22
29
24
23
21
29
23
20
23
21
24
21
21
24
20
26
21
24
23
22
25
22
26
24
26
23
23
23
22
23
22
23
23
31
24
23
23
24
25
23
26
24
25
24
24
24
24
24
23
25
25
26
23
24
26
27
24
24
25
24
25
24
26
23
24
24
26
24
25
25
27
26
24
26
25
26
25
26
26
25
25
26
25
27
28
30
25
29
26
27
26
28
26
25
27
26
26
28
24
29
27
27
25
28
25
31
28
27
26
32
28
27
27
28
27
29
26
28
28
30
29
29
26
27
35
27
28
27
29
26
26
27
31
26
30
28
28
29
30
28
29
28
28
31
28
32
28
28
28
28
28
30
28
30
30
29
32
29
29
29
31
31
29
29
30
29
28
29
30
30
29
31
32
29
43
32
31
30
32
33
30
32
29
30
33
31
32
30
32
36
30
33
32
31
33
32
32
33
32
32
31
38
31
30
30
30
34
32
32
33
31
34
31
34
32
31
32
32
33
34
34
36
32
34
31
32
32
33
32
32
31
32
33
32
35
32
35
35
33
36
32
32
34
34
33
36
31
33
35
33
38
40
34
38
35
34
35
34
33
34
44
35
34
35
34
36
35
39
36
35
37
34
33
37
44
36
34
35
35
35
40
38
35
37
46
37
44
41
38
37
40
39
35
41
35
34
36
35
46
36
37
35
36
41
40
36
38
41
36
38
38
36
37
37
35
38
37
37
36
38
41
40
40
40
37
37
36
42
36
39
38
40
38
41
38
36
39
38
39
44
37
39
41
42
37
38
38
40
38
38
38
41
43
39
40
41
38
38
41
37
39
40
41
41
39
41
39
38
41
38
39
39
43
40
40
41
39
43
41
39
41
40
44
39
50
39
39
41
39
41
42
41
41
39
41
46
39
38
43
45
39
40
39
42
42
41
40
42
41
49
39
40
41
44
41
40
43
42
45
44
42
42
51
45
45
43
42
43
42
45
41
42
44
43
41
41
43
41
46
41
42
43
44
48
44
41
44
46
45
47
48
41
47
51
46
50
50
50
44
42
41
43
47
45
43
44
45
43
50
43
43
44
44
46
46
44
43
44
45
44
45
45
43
48
49
47
48
49
45
46
43
44
44
47
49
47
48
45
46
45
47
48
45
45
45
45
45
49
50
46
52
46
45
46
54
49
46
50
47
46
48
45
47
48
49
48
48
53
46
44
46
46
46
49
46
45
46
49
55
49
48
47
49
51
49
51
49
50
49
48
54
48
48
51
49
54
51
47
48
48
55
67
49
48
49
48
49
52
52
52
49
49
51
58
49
47
46
47
45
50
51
51
52
46
47
49
62
47
48
50
53
49
53
47
53
48
52
53
56
53
51
50
52
48
47
47
49
48
49
59
50
52
50
51
51
53
58
51
50
54
51
50
53
52
51
49
53
50
50
51
52
55
53
51
50
50
52
50
49
54
52
49
51
52
51
50
53
56
51
54
57
53
55
52
53
50
50
58
56
51
49
58
60
57
52
53
53
54
52
52
54
56
52
55
54
52
54
51
51
52
53
56
52
56
57
51
55
55
55
54
54
57
57
55
57
56
55
55
52
55
52
57
51
55
56
57
54
62
61
56
54
58
55
52
55
55
57
55
57
58
54
53
54
58
54
54
53
55
55
61
55
58
58
62
58
57
55
56
58
55
56
59
53
57
54
55
60
56
62
54
56
57
61
60
54
56
56
59
57
60
56
64
62
57
63
57
59
58
54
59
60
63
60
