13
14
14
14
13
14
14
13
13
13
14
13
13
14
13
13
13
13
13
13
14
14
13
13
13
13
13
13
13
13
14
13
13
13
13
13
14
14
15
13
15
15
15
13
14
14
14
13
14
13
14
13
14
13
14
14
14
14
14
13
14
14
15
14
16
15
16
20
15
14
15
15
15
16
16
15
18
18
21
20
15
17
22
21
15
15
15
16
15
16
16
16
15
17
15
16
15
16
16
19
18
19
26
16
20
29
20
17
16
16
16
16
16
16
16
16
17
16
16
17
16
16
19
19
24
20
17
20
26
20
17
18
18
19
17
17
18
17
18
17
18
18
18
18
18
22
18
26
18
21
30
21
19
18
18
19
18
27
20
18
18
18
18
19
19
18
20
20
20
27
22
21
20
31
21
19
20
19
20
19
20
20
19
19
19
20
20
19
20
25
27
25
20
24
31
29
20
20
19
20
20
19
20
20
20
19
20
20
22
22
20
21
20
20
21
19
20
21
24
31
23
23
32
25
21
21
21
22
23
22
22
21
25
21
22
22
21
30
26
33
24
36
29
22
22
22
24
23
22
21
23
24
23
27
31
23
28
34
23
23
23
23
25
23
22
23
23
24
23
23
24
24
27
23
24
24
23
24
23
24
26
24
25
25
24
25
31
35
25
34
34
24
25
25
25
25
25
25
26
24
27
26
25
24
27
31
30
28
26
44
26
29
26
25
26
28
26
26
26
27
29
26
25
27
30
34
30
38
36
27
27
34
28
27
27
27
26
26
26
27
28
26
26
26
33
27
27
27
28
27
27
28
28
25
28
28
27
29
29
29
27
27
27
28
29
26
28
28
28
29
29
27
27
35
41
29
42
29
31
28
27
28
29
28
28
32
39
29
50
29
30
29
30
30
30
28
32
39
31
45
33
31
29
28
29
30
31
29
30
33
30
31
44
37
35
45
37
43
31
36
32
31
33
31
32
31
38
39
34
50
33
32
31
32
31
33
33
34
31
36
46
32
46
33
32
33
32
32
33
32
35
34
39
35
42
35
61
44
35
36
35
36
42
56
48
62
36
33
33
35
38
39
34
35
36
33
33
35
34
38
33
38
35
34
34
36
36
33
34
33
34
41
37
46
40
42
40
35
36
35
34
34
34
36
34
36
34
35
39
37
43
42
50
37
37
36
35
34
34
34
35
35
36
36
37
36
35
36
37
34
36
37
37
35
36
35
35
36
35
36
36
39
38
37
36
38
37
37
38
48
49
51
50
38
37
41
37
37
39
41
50
40
56
44
38
42
37
41
39
38
39
38
48
39
38
41
38
39
39
39
38
37
38
41
39
39
39
38
37
38
38
38
37
40
41
47
43
54
49
44
46
41
39
42
38
41
50
57
42
39
39
40
39
40
40
40
59
52
61
43
41
40
40
40
39
42
39
40
40
39
40
39
44
39
43
47
54
67
46
44
43
42
42
41
43
41
49
42
47
49
62
47
41
43
45
42
43
42
43
45
46
41
42
43
42
43
43
42
42
44
42
42
47
44
44
45
43
42
44
43
43
47
56
63
45
43
43
52
59
58
63
47
45
46
50
64
65
50
44
43
46
44
49
45
43
44
44
44
47
44
45
45
46
57
61
50
58
52
54
55
49
45
56
47
48
67
65
47
47
51
50
46
50
46
48
55
54
52
53
47
48
47
46
56
53
69
50
54
48
49
50
49
48
49
54
50
61
74
54
56
59
48
51
49
54
50
53
54
63
52
55
53
54
57
56
51
53
52
49
49
56
52
75
63
51
57
48
52
61
49
67
49
51
59
58
60
61
51
68
68
64
49
53
51
50
52
53
70
63
58
55
49
56
51
54
56
73
67
59
55
50
50
60
51
49
54
58
60
60
51
50
57
53
55
53
54
61
55
58
54
53
55
52
54
54
71
55
60
59
53
53
51
52
57
52
53
53
56
61
63
76
81
63
52
56
51
53
60
54
53
57
57
53
53
54
63
60
57
53
58
78
76
53
59
60
52
55
65
56
58
65
68
64
57
57
58
57
58
54
65
55
63
72
77
53
62
55
55
59
55
63
59
69
56
64
63
53
56
70
74
68
61
63
61
53
56
62
56
58
59
74
59
61
61
67
70
57
59
59
62
56
58
61
56
59
56
56
57
64
62
56
66
58
57
58
62
62
61
55
57
65
65
77
78
57
56
59
63
58
64
57
58
74
78
66
65
57
59
62
66
63
62
79
71
59
61
61
77
60
76
69
63
62
58
59
63
62
57
